   200047	2025-08-25 04:22:19	32	0	1	0
   200247	2025-08-25 04:27:13	32	0	1	0
   201426	2025-08-25 04:31:48	32	0	1	0
   200630	2025-08-25 05:40:09	32	0	1	0
   200630	2025-08-25 05:40:13	32	0	1	0
   400060	2025-08-25 05:43:13	32	0	1	0
   400061	2025-08-25 05:43:23	32	0	1	0
   401639	2025-08-25 05:44:03	32	0	1	0
   411435	2025-08-25 05:44:12	32	0	1	0
   201615	2025-08-25 05:50:33	32	0	1	0
   411680	2025-08-25 05:52:08	32	0	1	0
   411680	2025-08-25 05:52:16	32	0	1	0
   402433	2025-08-25 05:52:39	32	0	1	0
   201608	2025-08-25 05:58:53	32	0	1	0
   201608	2025-08-25 05:59:44	32	0	1	0
   411972	2025-08-25 06:42:46	32	0	1	0
   411972	2025-08-25 06:42:50	32	0	1	0
   411972	2025-08-25 06:42:53	32	0	1	0
   410137	2025-08-25 07:00:14	32	0	1	0
   410137	2025-08-25 07:00:20	32	0	1	0
   410137	2025-08-25 07:00:25	32	0	1	0
   410137	2025-08-25 07:13:31	32	0	1	0
   410137	2025-08-25 07:13:37	32	0	1	0
   410137	2025-08-25 07:13:42	32	0	1	0
   410137	2025-08-25 07:13:51	32	0	1	0
   411932	2025-08-25 07:33:09	32	0	1	0
   200022	2025-08-25 07:35:22	32	0	1	0
   411274	2025-08-25 07:39:53	32	0	1	0
   201595	2025-08-25 07:47:55	32	0	1	0
   411941	2025-08-25 07:49:03	32	0	1	0
   200036	2025-08-25 07:49:47	32	0	1	0
   411938	2025-08-25 07:51:16	32	0	1	0
   411939	2025-08-25 07:52:18	32	0	1	0
   200038	2025-08-25 07:52:44	32	0	1	0
   411682	2025-08-25 07:54:16	32	0	1	0
   201494	2025-08-25 07:57:02	32	0	1	0
   411941	2025-08-25 12:00:02	32	0	1	0
   411938	2025-08-25 12:00:07	32	0	1	0
   411686	2025-08-25 12:00:13	32	0	1	0
   411939	2025-08-25 12:00:20	32	0	1	0
   411932	2025-08-25 12:00:26	32	0	1	0
   200036	2025-08-25 12:00:34	32	0	1	0
   200022	2025-08-25 12:00:40	32	0	1	0
   411682	2025-08-25 12:00:49	32	0	1	0
   201494	2025-08-25 12:02:31	32	0	1	0
   200038	2025-08-25 12:11:44	32	0	1	0
   410137	2025-08-25 12:19:16	32	0	1	0
   200038	2025-08-25 12:35:07	32	0	1	0
   411932	2025-08-25 12:46:44	32	0	1	0
   200036	2025-08-25 12:47:24	32	0	1	0
   410137	2025-08-25 12:48:06	32	0	1	0
   410137	2025-08-25 12:48:10	32	0	1	0
   200022	2025-08-25 12:50:03	32	0	1	0
   411686	2025-08-25 12:52:55	32	0	1	0
   411938	2025-08-25 12:53:33	32	0	1	0
   411941	2025-08-25 12:54:11	32	0	1	0
   411941	2025-08-25 12:54:15	32	0	1	0
   411682	2025-08-25 12:55:02	32	0	1	0
   201494	2025-08-25 12:55:59	32	0	1	0
   411939	2025-08-25 12:57:49	32	0	1	0
   200036	2025-08-25 17:00:02	32	0	1	0
   411932	2025-08-25 17:00:10	32	0	1	0
   200022	2025-08-25 17:00:17	32	0	1	0
   411938	2025-08-25 17:00:22	32	0	1	0
   411941	2025-08-25 17:00:29	32	0	1	0
   411939	2025-08-25 17:00:34	32	0	1	0
   200038	2025-08-25 17:00:40	32	0	1	0
   411686	2025-08-25 17:00:57	32	0	1	0
   411682	2025-08-25 17:01:11	32	0	1	0
   200047	2025-08-25 17:01:18	32	0	1	0
   201494	2025-08-25 17:01:50	32	0	1	0
   411972	2025-08-25 17:02:21	32	0	1	0
   411972	2025-08-25 17:02:24	32	0	1	0
   411972	2025-08-25 17:02:28	32	0	1	0
   411274	2025-08-25 17:20:10	32	0	1	0
   200038	2025-08-25 17:30:08	32	0	1	0
   411932	2025-08-25 17:42:27	32	0	1	0
   411932	2025-08-25 17:42:35	32	0	1	0
   200022	2025-08-25 17:50:53	32	0	1	0
   411941	2025-08-25 17:52:26	32	0	1	0
   411938	2025-08-25 17:52:32	32	0	1	0
   411682	2025-08-25 17:56:42	32	0	1	0
   411939	2025-08-25 17:57:03	32	0	1	0
   201494	2025-08-25 17:57:15	32	0	1	0
   200808	2025-08-25 17:59:57	32	0	1	0
   201595	2025-08-25 19:00:03	32	0	1	0
   201595	2025-08-25 19:00:06	32	0	1	0
   410137	2025-08-25 19:01:15	32	0	1	0
   410137	2025-08-25 19:01:21	32	0	1	0
   410137	2025-08-25 19:01:27	32	0	1	0
   201426	2025-08-25 20:00:02	32	0	1	0
   201572	2025-08-25 21:00:03	32	0	1	0
   201572	2025-08-25 21:00:08	32	0	1	0
   411277	2025-08-25 21:00:13	32	0	1	0
   401639	2025-08-25 21:00:19	32	0	1	0
   411435	2025-08-25 21:00:26	32	0	1	0
   410962	2025-08-25 21:00:32	32	0	1	0
   410962	2025-08-25 21:00:34	32	0	1	0
   411938	2025-08-25 21:00:37	32	0	1	0
   200030	2025-08-25 21:00:42	32	0	1	0
   400061	2025-08-25 21:00:48	32	0	1	0
   411941	2025-08-25 21:00:54	32	0	1	0
   400060	2025-08-25 21:00:59	32	0	1	0
   411932	2025-08-25 21:01:05	32	0	1	0
   411203	2025-08-25 21:01:10	32	0	1	0
   200022	2025-08-25 21:01:19	32	0	1	0
   411680	2025-08-25 21:01:26	32	0	1	0
   200038	2025-08-25 21:01:32	32	0	1	0
   402433	2025-08-25 21:01:39	32	0	1	0
   201494	2025-08-25 21:01:46	32	0	1	0
   411682	2025-08-25 21:01:54	32	0	1	0
   201608	2025-08-25 21:02:01	32	0	1	0
   200247	2025-08-25 21:02:43	32	0	1	0
   200630	2025-08-25 21:02:49	32	0	1	0
   200630	2025-08-25 21:02:53	32	0	1	0
   411939	2025-08-25 21:03:06	32	0	1	0
   411939	2025-08-25 21:03:12	32	0	1	0
   201615	2025-08-25 21:03:54	32	0	1	0
   201426	2025-08-26 04:02:33	32	0	1	0
   200047	2025-08-26 04:10:41	32	0	1	0
   200247	2025-08-26 04:12:17	32	0	1	0
   200630	2025-08-26 05:34:26	32	0	1	0
   200630	2025-08-26 05:34:31	32	0	1	0
   201615	2025-08-26 05:43:37	32	0	1	0
   200030	2025-08-26 05:44:32	32	0	1	0
   201572	2025-08-26 05:45:20	32	0	1	0
   201572	2025-08-26 05:45:26	32	0	1	0
   400060	2025-08-26 05:48:36	32	0	1	0
   400061	2025-08-26 05:48:40	32	0	1	0
   411435	2025-08-26 05:51:59	32	0	1	0
   401639	2025-08-26 05:52:05	32	0	1	0
   411680	2025-08-26 05:52:11	32	0	1	0
   201595	2025-08-26 05:52:46	32	0	1	0
   201595	2025-08-26 05:52:49	32	0	1	0
   411203	2025-08-26 05:55:17	32	0	1	0
   402433	2025-08-26 05:56:22	32	0	1	0
   410962	2025-08-26 05:57:26	32	0	1	0
   410962	2025-08-26 05:57:32	32	0	1	0
   411277	2025-08-26 05:58:21	32	0	1	0
   201608	2025-08-26 05:58:28	32	0	1	0
   410137	2025-08-26 06:45:40	32	0	1	0
   410137	2025-08-26 06:45:44	32	0	1	0
   410137	2025-08-26 06:45:48	32	0	1	0
   411686	2025-08-26 06:54:25	32	0	1	0
   411972	2025-08-26 06:59:41	32	0	1	0
   411972	2025-08-26 06:59:45	32	0	1	0
   411972	2025-08-26 06:59:49	32	0	1	0
   200808	2025-08-26 07:01:20	32	0	1	0
   411932	2025-08-26 07:38:38	32	0	1	0
   411932	2025-08-26 07:38:42	32	0	1	0
   200022	2025-08-26 07:39:01	32	0	1	0
   411274	2025-08-26 07:52:21	32	0	1	0
   200038	2025-08-26 07:54:12	32	0	1	0
   411938	2025-08-26 07:54:17	32	0	1	0
   411941	2025-08-26 07:54:25	32	0	1	0
   200036	2025-08-26 07:54:31	32	0	1	0
   201494	2025-08-26 07:55:49	32	0	1	0
   411939	2025-08-26 07:56:05	32	0	1	0
   411682	2025-08-26 07:57:10	32	0	1	0
   411686	2025-08-26 12:00:02	32	0	1	0
   411938	2025-08-26 12:00:08	32	0	1	0
   200022	2025-08-26 12:00:14	32	0	1	0
   411682	2025-08-26 12:00:20	32	0	1	0
   411939	2025-08-26 12:00:27	32	0	1	0
   410137	2025-08-26 12:00:37	32	0	1	0
   410137	2025-08-26 12:00:41	32	0	1	0
   200036	2025-08-26 12:02:03	32	0	1	0
   200038	2025-08-26 12:09:46	32	0	1	0
   200036	2025-08-26 12:15:04	32	0	1	0
   411932	2025-08-26 12:23:42	32	0	1	0
   411932	2025-08-26 12:23:48	32	0	1	0
   411941	2025-08-26 12:25:00	32	0	1	0
   201494	2025-08-26 12:25:07	32	0	1	0
   410137	2025-08-26 12:42:48	32	0	1	0
   410137	2025-08-26 12:42:52	32	0	1	0
   200038	2025-08-26 12:45:42	32	0	1	0
   200022	2025-08-26 12:49:06	32	0	1	0
   411686	2025-08-26 12:53:51	32	0	1	0
   411938	2025-08-26 12:54:22	32	0	1	0
   411939	2025-08-26 12:55:04	32	0	1	0
   411682	2025-08-26 13:00:08	32	0	1	0
   411932	2025-08-26 13:05:40	32	0	1	0
   411932	2025-08-26 13:05:44	32	0	1	0
   411932	2025-08-26 17:00:03	32	0	1	0
   200022	2025-08-26 17:00:09	32	0	1	0
   411686	2025-08-26 17:00:16	32	0	1	0
   411939	2025-08-26 17:00:23	32	0	1	0
   201426	2025-08-26 17:00:31	32	0	1	0
   411941	2025-08-26 17:00:36	32	0	1	0
   411274	2025-08-26 17:00:43	32	0	1	0
   411938	2025-08-26 17:00:48	32	0	1	0
   411682	2025-08-26 17:01:16	32	0	1	0
   200047	2025-08-26 17:01:28	32	0	1	0
   201595	2025-08-26 17:01:41	32	0	1	0
   201595	2025-08-26 17:01:46	32	0	1	0
   411972	2025-08-26 17:01:56	32	0	1	0
   411972	2025-08-26 17:02:00	32	0	1	0
   411972	2025-08-26 17:02:04	32	0	1	0
   201494	2025-08-26 17:05:05	32	0	1	0
   200038	2025-08-26 17:09:57	32	0	1	0
   200036	2025-08-26 17:11:50	32	0	1	0
   200036	2025-08-26 17:11:53	32	0	1	0
   411932	2025-08-26 17:35:55	32	0	1	0
   411932	2025-08-26 17:36:01	32	0	1	0
   200038	2025-08-26 17:39:05	32	0	1	0
   201608	2025-08-26 17:43:16	32	0	1	0
   411274	2025-08-26 17:51:04	32	0	1	0
   201572	2025-08-26 17:51:16	32	0	1	0
   201572	2025-08-26 17:51:22	32	0	1	0
   200022	2025-08-26 17:51:34	32	0	1	0
   411938	2025-08-26 17:53:39	32	0	1	0
   411941	2025-08-26 17:53:47	32	0	1	0
   411939	2025-08-26 17:57:09	32	0	1	0
   201494	2025-08-26 17:57:17	32	0	1	0
   411682	2025-08-26 17:58:48	32	0	1	0
   200808	2025-08-26 18:21:45	32	0	1	0
   200630	2025-08-26 18:31:25	32	0	1	0
   200630	2025-08-26 18:31:29	32	0	1	0
   410137	2025-08-26 19:00:02	32	0	1	0
   410137	2025-08-26 19:00:13	32	0	1	0
   410137	2025-08-26 19:00:20	32	0	1	0
   411932	2025-08-26 20:00:06	32	0	1	0
   411932	2025-08-26 20:00:11	32	0	1	0
   411938	2025-08-26 20:00:24	32	0	1	0
   411941	2025-08-26 20:00:30	32	0	1	0
   200038	2025-08-26 20:00:38	32	0	1	0
   201494	2025-08-26 20:00:47	32	0	1	0
   411682	2025-08-26 20:00:54	32	0	1	0
   200022	2025-08-26 20:01:03	32	0	1	0
   411939	2025-08-26 20:01:11	32	0	1	0
   401639	2025-08-26 21:00:04	32	0	1	0
   410962	2025-08-26 21:00:10	32	0	1	0
   200030	2025-08-26 21:00:16	32	0	1	0
   411203	2025-08-26 21:00:23	32	0	1	0
   411435	2025-08-26 21:00:42	32	0	1	0
   400060	2025-08-26 21:00:53	32	0	1	0
   400061	2025-08-26 21:01:11	32	0	1	0
   402433	2025-08-26 21:01:17	32	0	1	0
   411680	2025-08-26 21:01:26	32	0	1	0
   411277	2025-08-26 21:01:34	32	0	1	0
   411277	2025-08-26 21:01:42	32	0	1	0
   411274	2025-08-26 21:01:49	32	0	1	0
   411274	2025-08-26 21:01:56	32	0	1	0
   201615	2025-08-26 21:02:07	32	0	1	0
   200247	2025-08-26 21:31:51	32	0	1	0
   200047	2025-08-27 04:06:02	32	0	1	0
   201426	2025-08-27 04:13:02	32	0	1	0
   201426	2025-08-27 04:19:20	32	0	1	0
   201595	2025-08-27 04:49:42	32	0	1	0
   200247	2025-08-27 04:53:38	32	0	1	0
   200630	2025-08-27 05:27:24	32	0	1	0
   200630	2025-08-27 05:27:30	32	0	1	0
   201572	2025-08-27 05:29:27	32	0	1	0
   201572	2025-08-27 05:29:32	32	0	1	0
   411277	2025-08-27 05:43:19	32	0	1	0
   411277	2025-08-27 05:43:23	32	0	1	0
   200030	2025-08-27 05:44:49	32	0	1	0
   401639	2025-08-27 05:46:45	32	0	1	0
   400060	2025-08-27 05:46:51	32	0	1	0
   411435	2025-08-27 05:46:59	32	0	1	0
   400061	2025-08-27 05:47:26	32	0	1	0
   400061	2025-08-27 05:47:30	32	0	1	0
   411680	2025-08-27 05:51:39	32	0	1	0
   402433	2025-08-27 05:52:55	32	0	1	0
   201615	2025-08-27 05:54:39	32	0	1	0
   411203	2025-08-27 05:54:55	32	0	1	0
   410962	2025-08-27 05:55:03	32	0	1	0
   410962	2025-08-27 05:55:06	32	0	1	0
   201608	2025-08-27 06:25:58	32	0	1	0
   411972	2025-08-27 06:29:25	32	0	1	0
   411972	2025-08-27 06:29:29	32	0	1	0
   411972	2025-08-27 06:29:34	32	0	1	0
   410137	2025-08-27 06:48:27	32	0	1	0
   410137	2025-08-27 06:48:29	32	0	1	0
   410137	2025-08-27 06:48:31	32	0	1	0
   410137	2025-08-27 06:49:09	32	0	1	0
   410137	2025-08-27 06:49:12	32	0	1	0
   411686	2025-08-27 06:54:56	32	0	1	0
   411686	2025-08-27 06:54:58	32	0	1	0
   411686	2025-08-27 06:55:00	32	0	1	0
   411686	2025-08-27 06:55:02	32	0	1	0
   200808	2025-08-27 07:02:07	32	0	1	0
   411932	2025-08-27 07:34:12	32	0	1	0
   411932	2025-08-27 07:34:16	32	0	1	0
   200022	2025-08-27 07:38:56	32	0	1	0
   411274	2025-08-27 07:50:21	32	0	1	0
   200036	2025-08-27 07:52:04	32	0	1	0
   411939	2025-08-27 07:52:31	32	0	1	0
   411941	2025-08-27 07:52:42	32	0	1	0
   411938	2025-08-27 07:52:48	32	0	1	0
   200038	2025-08-27 07:55:56	32	0	1	0
   201494	2025-08-27 07:56:29	32	0	1	0
   411682	2025-08-27 07:57:38	32	0	1	0
   411686	2025-08-27 12:00:01	32	0	1	0
   411938	2025-08-27 12:00:08	32	0	1	0
   411274	2025-08-27 12:00:15	32	0	1	0
   411941	2025-08-27 12:00:20	32	0	1	0
   200022	2025-08-27 12:00:26	32	0	1	0
   411682	2025-08-27 12:00:32	32	0	1	0
   411939	2025-08-27 12:00:39	32	0	1	0
   411932	2025-08-27 12:00:50	32	0	1	0
   411932	2025-08-27 12:00:54	32	0	1	0
   200036	2025-08-27 12:01:26	32	0	1	0
   200036	2025-08-27 12:01:29	32	0	1	0
   410137	2025-08-27 12:02:20	32	0	1	0
   410137	2025-08-27 12:02:24	32	0	1	0
   201494	2025-08-27 12:03:11	32	0	1	0
   200038	2025-08-27 12:09:35	32	0	1	0
   410137	2025-08-27 12:34:57	32	0	1	0
   410137	2025-08-27 12:35:00	32	0	1	0
   410137	2025-08-27 12:35:04	32	0	1	0
   200038	2025-08-27 12:40:50	32	0	1	0
   411932	2025-08-27 12:42:55	32	0	1	0
   411932	2025-08-27 12:42:59	32	0	1	0
   200036	2025-08-27 12:45:01	32	0	1	0
   411274	2025-08-27 12:52:40	32	0	1	0
   411686	2025-08-27 12:53:58	32	0	1	0
   200022	2025-08-27 12:54:28	32	0	1	0
   411941	2025-08-27 12:56:10	32	0	1	0
   201494	2025-08-27 12:56:35	32	0	1	0
   411939	2025-08-27 12:57:55	32	0	1	0
   411682	2025-08-27 12:58:36	32	0	1	0
   411686	2025-08-27 17:00:07	32	0	1	0
   411932	2025-08-27 17:00:15	32	0	1	0
   411932	2025-08-27 17:00:18	32	0	1	0
   411274	2025-08-27 17:00:26	32	0	1	0
   201426	2025-08-27 17:00:33	32	0	1	0
   411941	2025-08-27 17:00:39	32	0	1	0
   411939	2025-08-27 17:00:45	32	0	1	0
   200247	2025-08-27 17:00:56	32	0	1	0
   200047	2025-08-27 17:01:03	32	0	1	0
   411682	2025-08-27 17:01:22	32	0	1	0
   200022	2025-08-27 17:01:29	32	0	1	0
   200038	2025-08-27 17:01:37	32	0	1	0
   200036	2025-08-27 17:01:45	32	0	1	0
   411972	2025-08-27 17:04:38	32	0	1	0
   411972	2025-08-27 17:04:45	32	0	1	0
   411972	2025-08-27 17:04:50	32	0	1	0
   201494	2025-08-27 17:05:49	32	0	1	0
   200808	2025-08-27 18:28:57	32	0	1	0
   410137	2025-08-27 19:00:52	32	0	1	0
   410137	2025-08-27 19:01:04	32	0	1	0
   201608	2025-08-27 20:00:18	32	0	1	0
   201572	2025-08-27 21:00:03	32	0	1	0
   201572	2025-08-27 21:00:08	32	0	1	0
   410962	2025-08-27 21:00:13	32	0	1	0
   410962	2025-08-27 21:00:16	32	0	1	0
   411435	2025-08-27 21:00:22	32	0	1	0
   401639	2025-08-27 21:00:28	32	0	1	0
   411277	2025-08-27 21:00:33	32	0	1	0
   402433	2025-08-27 21:00:37	32	0	1	0
   411680	2025-08-27 21:00:43	32	0	1	0
   400060	2025-08-27 21:00:48	32	0	1	0
   400061	2025-08-27 21:00:53	32	0	1	0
   200030	2025-08-27 21:00:59	32	0	1	0
   411203	2025-08-27 21:01:05	32	0	1	0
   201615	2025-08-27 21:01:45	32	0	1	0
   200630	2025-08-27 21:01:55	32	0	1	0
   200630	2025-08-27 21:02:00	32	0	1	0
   201426	2025-08-28 04:08:06	32	0	1	0
   201426	2025-08-28 04:10:06	32	0	1	0
   200247	2025-08-28 04:41:13	32	0	1	0
   200047	2025-08-28 04:42:31	32	0	1	0
   201572	2025-08-28 05:34:20	32	0	1	0
   201572	2025-08-28 05:34:26	32	0	1	0
   200630	2025-08-28 05:39:39	32	0	1	0
   200630	2025-08-28 05:39:43	32	0	1	0
   201615	2025-08-28 05:41:21	32	0	1	0
   400061	2025-08-28 05:42:18	32	0	1	0
   400060	2025-08-28 05:42:24	32	0	1	0
   200030	2025-08-28 05:44:12	32	0	1	0
   401639	2025-08-28 05:47:45	32	0	1	0
   411435	2025-08-28 05:47:51	32	0	1	0
   411277	2025-08-28 05:49:04	32	0	1	0
   411277	2025-08-28 05:49:07	32	0	1	0
   411203	2025-08-28 05:49:36	32	0	1	0
   411680	2025-08-28 05:49:43	32	0	1	0
   402433	2025-08-28 05:51:33	32	0	1	0
   410962	2025-08-28 05:56:26	32	0	1	0
   410962	2025-08-28 05:56:30	32	0	1	0
   201608	2025-08-28 06:07:35	32	0	1	0
   410137	2025-08-28 06:39:15	32	0	1	0
   410137	2025-08-28 06:39:19	32	0	1	0
   410137	2025-08-28 06:39:22	32	0	1	0
   411972	2025-08-28 06:48:25	32	0	1	0
   411972	2025-08-28 06:48:29	32	0	1	0
   411972	2025-08-28 06:48:35	32	0	1	0
   411686	2025-08-28 06:55:20	32	0	1	0
   411686	2025-08-28 06:55:22	32	0	1	0
   200808	2025-08-28 07:01:28	32	0	1	0
   411932	2025-08-28 07:30:04	32	0	1	0
   411932	2025-08-28 07:30:10	32	0	1	0
   200022	2025-08-28 07:45:04	32	0	1	0
   200036	2025-08-28 07:47:50	32	0	1	0
   411941	2025-08-28 07:52:36	32	0	1	0
   411938	2025-08-28 07:52:42	32	0	1	0
   200038	2025-08-28 07:55:26	32	0	1	0
   411939	2025-08-28 07:55:51	32	0	1	0
   201494	2025-08-28 07:56:25	32	0	1	0
   411682	2025-08-28 07:58:26	32	0	1	0
   411686	2025-08-28 12:00:02	32	0	1	0
   411932	2025-08-28 12:00:10	32	0	1	0
   411932	2025-08-28 12:00:14	32	0	1	0
   411938	2025-08-28 12:00:17	32	0	1	0
   200022	2025-08-28 12:00:21	32	0	1	0
   411939	2025-08-28 12:00:27	32	0	1	0
   411682	2025-08-28 12:00:33	32	0	1	0
   200036	2025-08-28 12:00:41	32	0	1	0
   410137	2025-08-28 12:02:55	32	0	1	0
   200038	2025-08-28 12:04:43	32	0	1	0
   411941	2025-08-28 12:06:14	32	0	1	0
   201494	2025-08-28 12:06:28	32	0	1	0
   200038	2025-08-28 12:40:13	32	0	1	0
   410137	2025-08-28 12:41:50	32	0	1	0
   410137	2025-08-28 12:41:53	32	0	1	0
   200036	2025-08-28 12:45:19	32	0	1	0
   411686	2025-08-28 12:54:36	32	0	1	0
   200022	2025-08-28 12:54:48	32	0	1	0
   411938	2025-08-28 12:55:08	32	0	1	0
   411941	2025-08-28 12:55:15	32	0	1	0
   411932	2025-08-28 12:55:49	32	0	1	0
   411932	2025-08-28 12:55:53	32	0	1	0
   201494	2025-08-28 12:57:15	32	0	1	0
   411939	2025-08-28 12:57:50	32	0	1	0
   411682	2025-08-28 12:59:12	32	0	1	0
   411682	2025-08-28 17:00:10	32	0	1	0
   411686	2025-08-28 17:00:18	32	0	1	0
   411932	2025-08-28 17:00:25	32	0	1	0
   411932	2025-08-28 17:00:30	32	0	1	0
   411938	2025-08-28 17:00:33	32	0	1	0
   411941	2025-08-28 17:00:38	32	0	1	0
   411939	2025-08-28 17:00:44	32	0	1	0
   200036	2025-08-28 17:00:51	32	0	1	0
   200022	2025-08-28 17:00:57	32	0	1	0
   200038	2025-08-28 17:01:05	32	0	1	0
   200038	2025-08-28 17:01:08	32	0	1	0
   200247	2025-08-28 17:03:41	32	0	1	0
   201494	2025-08-28 17:04:57	32	0	1	0
   411972	2025-08-28 17:09:01	32	0	1	0
   411972	2025-08-28 17:09:04	32	0	1	0
   411972	2025-08-28 17:09:08	32	0	1	0
   200038	2025-08-28 17:35:33	32	0	1	0
   201426	2025-08-28 17:52:30	32	0	1	0
   200022	2025-08-28 17:53:14	32	0	1	0
   411939	2025-08-28 17:54:47	32	0	1	0
   201494	2025-08-28 17:56:30	32	0	1	0
   411682	2025-08-28 17:57:02	32	0	1	0
   411941	2025-08-28 17:59:55	32	0	1	0
   411941	2025-08-28 17:59:59	32	0	1	0
   201426	2025-08-28 18:00:20	32	0	1	0
   200808	2025-08-28 18:27:44	32	0	1	0
   410137	2025-08-28 19:01:12	32	0	1	0
   410137	2025-08-28 19:01:16	32	0	1	0
   201572	2025-08-28 20:00:19	32	0	1	0
   201572	2025-08-28 20:00:24	32	0	1	0
   201608	2025-08-28 20:00:58	32	0	1	0
   201615	2025-08-28 20:01:33	32	0	1	0
   411941	2025-08-28 21:00:02	32	0	1	0
   411203	2025-08-28 21:00:07	32	0	1	0
   200030	2025-08-28 21:00:13	32	0	1	0
   410962	2025-08-28 21:00:18	32	0	1	0
   411680	2025-08-28 21:00:25	32	0	1	0
   401639	2025-08-28 21:00:31	32	0	1	0
   400061	2025-08-28 21:00:38	32	0	1	0
   411435	2025-08-28 21:00:45	32	0	1	0
   400060	2025-08-28 21:00:51	32	0	1	0
   411682	2025-08-28 21:00:58	32	0	1	0
   402433	2025-08-28 21:01:04	32	0	1	0
   201494	2025-08-28 21:01:13	32	0	1	0
   411939	2025-08-28 21:01:32	32	0	1	0
   200038	2025-08-28 21:01:37	32	0	1	0
   200022	2025-08-28 21:01:43	32	0	1	0
   200047	2025-08-28 21:01:59	32	0	1	0
   411277	2025-08-28 21:02:06	32	0	1	0
   200630	2025-08-28 21:02:36	32	0	1	0
   200630	2025-08-28 21:02:40	32	0	1	0
   201426	2025-08-29 03:51:45	32	0	1	0
   200047	2025-08-29 04:15:04	32	0	1	0
   200247	2025-08-29 04:52:03	32	0	1	0
   200630	2025-08-29 05:07:54	32	0	1	0
   200630	2025-08-29 05:07:58	32	0	1	0
   201572	2025-08-29 05:22:17	32	0	1	0
   201572	2025-08-29 05:22:23	32	0	1	0
   201615	2025-08-29 05:44:39	32	0	1	0
   400060	2025-08-29 05:45:32	32	0	1	0
   400061	2025-08-29 05:46:05	32	0	1	0
   411277	2025-08-29 05:47:01	32	0	1	0
   200030	2025-08-29 05:47:06	32	0	1	0
   411680	2025-08-29 05:48:11	32	0	1	0
   401639	2025-08-29 05:51:42	32	0	1	0
   411435	2025-08-29 05:51:48	32	0	1	0
   201608	2025-08-29 05:52:16	32	0	1	0
   410962	2025-08-29 05:52:33	32	0	1	0
   410962	2025-08-29 05:52:39	32	0	1	0
   411203	2025-08-29 05:53:41	32	0	1	0
   402433	2025-08-29 05:54:02	32	0	1	0
   410137	2025-08-29 06:44:36	32	0	1	0
   410137	2025-08-29 06:44:39	32	0	1	0
   410137	2025-08-29 06:44:43	32	0	1	0
   411686	2025-08-29 06:51:32	32	0	1	0
   200808	2025-08-29 07:01:24	32	0	1	0
   411972	2025-08-29 07:06:08	32	0	1	0
   411972	2025-08-29 07:06:12	32	0	1	0
   411972	2025-08-29 07:06:15	32	0	1	0
   411932	2025-08-29 07:38:54	32	0	1	0
   411932	2025-08-29 07:38:57	32	0	1	0
   200036	2025-08-29 07:44:04	32	0	1	0
   200022	2025-08-29 07:50:22	32	0	1	0
   411938	2025-08-29 07:50:29	32	0	1	0
   411941	2025-08-29 07:50:34	32	0	1	0
   201494	2025-08-29 07:56:22	32	0	1	0
   411939	2025-08-29 07:56:31	32	0	1	0
   411682	2025-08-29 07:57:03	32	0	1	0
   200038	2025-08-29 07:57:23	32	0	1	0
   411938	2025-08-29 12:00:02	32	0	1	0
   411932	2025-08-29 12:00:08	32	0	1	0
   411941	2025-08-29 12:00:15	32	0	1	0
   200022	2025-08-29 12:00:20	32	0	1	0
   411682	2025-08-29 12:00:26	32	0	1	0
   411939	2025-08-29 12:00:32	32	0	1	0
   200036	2025-08-29 12:00:41	32	0	1	0
   201494	2025-08-29 12:01:03	32	0	1	0
   410137	2025-08-29 12:01:54	32	0	1	0
   200038	2025-08-29 12:07:07	32	0	1	0
   200036	2025-08-29 12:28:42	32	0	1	0
   200038	2025-08-29 12:40:53	32	0	1	0
   411932	2025-08-29 12:42:30	32	0	1	0
   410137	2025-08-29 12:43:02	32	0	1	0
   410137	2025-08-29 12:43:05	32	0	1	0
   200022	2025-08-29 12:48:46	32	0	1	0
   411941	2025-08-29 12:53:45	32	0	1	0
   411938	2025-08-29 12:53:50	32	0	1	0
   201494	2025-08-29 12:57:29	32	0	1	0
   411939	2025-08-29 12:57:36	32	0	1	0
   411682	2025-08-29 12:58:38	32	0	1	0
   200047	2025-08-29 17:00:49	32	0	1	0
   200036	2025-08-29 17:00:59	32	0	1	0
   201426	2025-08-29 17:01:22	32	0	1	0
   411686	2025-08-29 17:01:31	32	0	1	0
   411682	2025-08-29 17:02:40	32	0	1	0
   200022	2025-08-29 17:02:46	32	0	1	0
   411939	2025-08-29 17:03:07	32	0	1	0
   411939	2025-08-29 17:03:20	32	0	1	0
   411941	2025-08-29 17:03:37	32	0	1	0
   411938	2025-08-29 17:03:41	32	0	1	0
   201595	2025-08-29 17:03:52	32	0	1	0
   201595	2025-08-29 17:03:55	32	0	1	0
   200038	2025-08-29 17:04:01	32	0	1	0
   411972	2025-08-29 17:04:42	32	0	1	0
   411972	2025-08-29 17:04:46	32	0	1	0
   411932	2025-08-29 17:05:22	32	0	1	0
   411932	2025-08-29 17:05:26	32	0	1	0
   201494	2025-08-29 17:15:13	32	0	1	0
   200808	2025-08-29 18:30:37	32	0	1	0
   410137	2025-08-29 19:02:12	32	0	1	0
   410137	2025-08-29 19:02:15	32	0	1	0
   201572	2025-08-29 20:00:09	32	0	1	0
   200630	2025-08-29 20:00:16	32	0	1	0
   200630	2025-08-29 20:00:19	32	0	1	0
   411435	2025-08-29 21:00:05	32	0	1	0
   200030	2025-08-29 21:00:11	32	0	1	0
   410962	2025-08-29 21:00:15	32	0	1	0
   410962	2025-08-29 21:00:19	32	0	1	0
   411203	2025-08-29 21:00:24	32	0	1	0
   411680	2025-08-29 21:00:33	32	0	1	0
   401639	2025-08-29 21:00:49	32	0	1	0
   411277	2025-08-29 21:00:55	32	0	1	0
   402433	2025-08-29 21:01:01	32	0	1	0
   201615	2025-08-29 21:01:12	32	0	1	0
   201608	2025-08-29 21:01:37	32	0	1	0
   400060	2025-08-29 21:01:49	32	0	1	0
   400061	2025-08-29 21:01:57	32	0	1	0
   201572	2025-08-30 05:24:33	32	0	1	0
   201572	2025-08-30 05:24:45	32	0	1	0
   200630	2025-08-30 05:32:01	32	0	1	0
   200630	2025-08-30 05:32:37	32	0	1	0
   201615	2025-08-30 05:38:47	32	0	1	0
   400061	2025-08-30 05:45:33	32	0	1	0
   400061	2025-08-30 05:45:35	32	0	1	0
   400061	2025-08-30 05:45:38	32	0	1	0
   400060	2025-08-30 05:45:42	32	0	1	0
   201595	2025-08-30 05:46:09	32	0	1	0
   200030	2025-08-30 05:48:31	32	0	1	0
   401639	2025-08-30 05:49:18	32	0	1	0
   411435	2025-08-30 05:49:28	32	0	1	0
   411680	2025-08-30 05:53:14	32	0	1	0
   411277	2025-08-30 05:54:01	32	0	1	0
   411277	2025-08-30 05:54:09	32	0	1	0
   201608	2025-08-30 05:54:26	32	0	1	0
   402433	2025-08-30 05:54:34	32	0	1	0
   411203	2025-08-30 05:56:09	32	0	1	0
   410962	2025-08-30 05:59:48	32	0	1	0
   410962	2025-08-30 05:59:51	32	0	1	0
   201426	2025-08-30 06:38:18	32	0	1	0
   411686	2025-08-30 06:39:03	32	0	1	0
   410137	2025-08-30 06:43:48	32	0	1	0
   410137	2025-08-30 06:43:51	32	0	1	0
   410137	2025-08-30 06:43:55	32	0	1	0
   411972	2025-08-30 06:49:24	32	0	1	0
   411972	2025-08-30 06:49:27	32	0	1	0
   411972	2025-08-30 06:49:31	32	0	1	0
   200047	2025-08-30 06:55:15	32	0	1	0
   200808	2025-08-30 07:01:04	32	0	1	0
   411932	2025-08-30 07:32:09	32	0	1	0
   411932	2025-08-30 07:32:12	32	0	1	0
   200022	2025-08-30 07:39:42	32	0	1	0
   200022	2025-08-30 07:40:41	32	0	1	0
   200036	2025-08-30 07:45:42	32	0	1	0
   411941	2025-08-30 07:53:10	32	0	1	0
   411938	2025-08-30 07:53:16	32	0	1	0
   201494	2025-08-30 07:54:07	32	0	1	0
   200038	2025-08-30 07:55:17	32	0	1	0
   411939	2025-08-30 07:56:21	32	0	1	0
   411682	2025-08-30 07:57:11	32	0	1	0
   200036	2025-08-30 12:00:11	32	0	1	0
   200022	2025-08-30 12:00:16	32	0	1	0
   411686	2025-08-30 12:00:21	32	0	1	0
   411941	2025-08-30 12:00:27	32	0	1	0
   411938	2025-08-30 12:00:30	32	0	1	0
   411932	2025-08-30 12:00:36	32	0	1	0
   411682	2025-08-30 12:00:42	32	0	1	0
   411939	2025-08-30 12:00:53	32	0	1	0
   410137	2025-08-30 12:01:23	32	0	1	0
   200038	2025-08-30 12:05:13	32	0	1	0
   201494	2025-08-30 12:07:48	32	0	1	0
   410137	2025-08-30 12:40:02	32	0	1	0
   200038	2025-08-30 12:40:38	32	0	1	0
   411932	2025-08-30 12:46:17	32	0	1	0
   411932	2025-08-30 12:46:21	32	0	1	0
   200036	2025-08-30 12:49:48	32	0	1	0
   200022	2025-08-30 12:50:23	32	0	1	0
   411938	2025-08-30 12:53:10	32	0	1	0
   411941	2025-08-30 12:53:16	32	0	1	0
   201494	2025-08-30 12:54:31	32	0	1	0
   411682	2025-08-30 12:58:23	32	0	1	0
   411939	2025-08-30 12:58:30	32	0	1	0
   411686	2025-08-30 12:59:45	32	0	1	0
   201426	2025-08-30 17:00:02	32	0	1	0
   200022	2025-08-30 17:00:07	32	0	1	0
   411938	2025-08-30 17:00:16	32	0	1	0
   411941	2025-08-30 17:00:22	32	0	1	0
   411932	2025-08-30 17:00:40	32	0	1	0
   411932	2025-08-30 17:00:44	32	0	1	0
   411686	2025-08-30 17:00:49	32	0	1	0
   411939	2025-08-30 17:01:02	32	0	1	0
   411682	2025-08-30 17:01:08	32	0	1	0
   200038	2025-08-30 17:01:14	32	0	1	0
   200038	2025-08-30 17:01:17	32	0	1	0
   201494	2025-08-30 17:05:14	32	0	1	0
   200036	2025-08-30 17:06:24	32	0	1	0
   200808	2025-08-30 18:26:09	32	0	1	0
   200047	2025-08-30 19:00:19	32	0	1	0
   410137	2025-08-30 19:01:08	32	0	1	0
   410137	2025-08-30 19:01:13	32	0	1	0
   201572	2025-08-30 20:00:07	32	0	1	0
   410962	2025-08-30 20:00:12	32	0	1	0
   410962	2025-08-30 20:00:16	32	0	1	0
   400061	2025-08-30 20:00:22	32	0	1	0
   411203	2025-08-30 20:00:30	32	0	1	0
   411680	2025-08-30 20:00:38	32	0	1	0
   200030	2025-08-30 20:00:44	32	0	1	0
   401639	2025-08-30 20:00:52	32	0	1	0
   411435	2025-08-30 20:01:01	32	0	1	0
   402433	2025-08-30 20:01:09	32	0	1	0
   201615	2025-08-30 20:01:20	32	0	1	0
   411277	2025-08-30 20:01:26	32	0	1	0
   400060	2025-08-30 20:01:33	32	0	1	0
   200630	2025-08-30 20:30:08	32	0	1	0
   200630	2025-08-30 20:30:11	32	0	1	0
   201595	2025-08-30 21:00:05	32	0	1	0
   201595	2025-08-30 21:00:07	32	0	1	0
   201608	2025-08-30 21:00:13	32	0	1	0
   400061	2025-08-31 05:38:00	32	0	1	0
   401639	2025-08-31 05:49:47	32	0	1	0
   411680	2025-08-31 05:55:05	32	0	1	0
   411680	2025-08-31 05:55:09	32	0	1	0
   411203	2025-08-31 05:56:42	32	0	1	0
   411203	2025-08-31 05:56:45	32	0	1	0
   201615	2025-08-31 05:57:21	32	0	1	0
   201608	2025-08-31 06:13:39	32	0	1	0
   201572	2025-08-31 06:31:21	32	0	1	0
   201572	2025-08-31 06:31:32	32	0	1	0
   410137	2025-08-31 06:44:42	32	0	1	0
   410137	2025-08-31 06:44:56	32	0	1	0
   400060	2025-08-31 06:45:05	32	0	1	0
   411435	2025-08-31 06:45:14	32	0	1	0
   411435	2025-08-31 06:45:42	32	0	1	0
   200030	2025-08-31 06:48:28	32	0	1	0
   410962	2025-08-31 06:48:34	32	0	1	0
   411686	2025-08-31 06:48:41	32	0	1	0
   402433	2025-08-31 06:55:08	32	0	1	0
   201426	2025-08-31 06:57:08	32	0	1	0
   200808	2025-08-31 07:01:05	32	0	1	0
   200047	2025-08-31 07:29:16	32	0	1	0
   200036	2025-08-31 07:33:52	32	0	1	0
   200038	2025-08-31 07:34:59	32	0	1	0
   411932	2025-08-31 07:36:21	32	0	1	0
   411932	2025-08-31 07:36:26	32	0	1	0
   200022	2025-08-31 07:37:41	32	0	1	0
   201595	2025-08-31 07:43:08	32	0	1	0
   201595	2025-08-31 07:43:10	32	0	1	0
   411941	2025-08-31 07:52:33	32	0	1	0
   411941	2025-08-31 07:52:37	32	0	1	0
   201494	2025-08-31 07:53:35	32	0	1	0
   201494	2025-08-31 07:54:04	32	0	1	0
   411939	2025-08-31 07:58:05	32	0	1	0
   411682	2025-08-31 07:59:04	32	0	1	0
   411941	2025-08-31 12:00:02	32	0	1	0
   411932	2025-08-31 12:00:11	32	0	1	0
   411932	2025-08-31 12:00:15	32	0	1	0
   200022	2025-08-31 12:00:36	32	0	1	0
   411682	2025-08-31 12:00:54	32	0	1	0
   411939	2025-08-31 12:01:09	32	0	1	0
   200036	2025-08-31 12:02:42	32	0	1	0
   200038	2025-08-31 12:14:37	32	0	1	0
   200038	2025-08-31 12:14:41	32	0	1	0
   201494	2025-08-31 12:19:18	32	0	1	0
   200036	2025-08-31 12:25:29	32	0	1	0
   200036	2025-08-31 12:25:31	32	0	1	0
   200038	2025-08-31 12:42:21	32	0	1	0
   200038	2025-08-31 12:42:32	32	0	1	0
   200022	2025-08-31 12:50:41	32	0	1	0
   411932	2025-08-31 12:51:08	32	0	1	0
   411932	2025-08-31 12:51:14	32	0	1	0
   411941	2025-08-31 12:52:47	32	0	1	0
   201494	2025-08-31 12:56:53	32	0	1	0
   411682	2025-08-31 13:01:17	32	0	1	0
   411941	2025-08-31 17:00:03	32	0	1	0
   200036	2025-08-31 17:00:12	32	0	1	0
   411682	2025-08-31 17:00:19	32	0	1	0
   200022	2025-08-31 17:00:26	32	0	1	0
   200038	2025-08-31 17:00:33	32	0	1	0
   411932	2025-08-31 17:00:42	32	0	1	0
   411932	2025-08-31 17:00:45	32	0	1	0
   201608	2025-08-31 17:03:39	32	0	1	0
   201494	2025-08-31 17:06:52	32	0	1	0
   401639	2025-08-31 17:13:32	32	0	1	0
   400061	2025-08-31 17:13:53	32	0	1	0
   411680	2025-08-31 17:13:59	32	0	1	0
   411203	2025-08-31 17:14:14	32	0	1	0
   201426	2025-08-31 17:19:46	32	0	1	0
   201615	2025-08-31 17:26:26	32	0	1	0
   411435	2025-08-31 17:38:53	32	0	1	0
   411686	2025-08-31 17:38:59	32	0	1	0
   200030	2025-08-31 17:39:03	32	0	1	0
   400060	2025-08-31 17:39:10	32	0	1	0
   201572	2025-08-31 17:42:15	32	0	1	0
   200047	2025-08-31 17:48:51	32	0	1	0
   200808	2025-08-31 18:16:48	32	0	1	0
   410137	2025-08-31 19:01:01	32	0	1	0
   410137	2025-08-31 19:01:06	32	0	1	0
   410137	2025-08-31 19:01:10	32	0	1	0
   200247	2025-08-31 19:01:17	32	0	1	0
   410962	2025-08-31 20:00:07	32	0	1	0
   201595	2025-08-31 20:00:14	32	0	1	0
   201595	2025-08-31 20:00:17	32	0	1	0
   402433	2025-08-31 20:00:24	32	0	1	0
   200047	2025-09-01 04:25:44	32	0	1	0
   200247	2025-09-01 04:46:00	32	0	1	0
   201426	2025-09-01 05:01:10	32	0	1	0
   201595	2025-09-01 05:26:15	32	0	1	0
   201595	2025-09-01 05:26:24	32	0	1	0
   201595	2025-09-01 05:26:27	32	0	1	0
   200630	2025-09-01 05:29:04	32	0	1	0
   200630	2025-09-01 05:29:07	32	0	1	0
   201572	2025-09-01 05:38:08	32	0	1	0
   201572	2025-09-01 05:38:14	32	0	1	0
   201615	2025-09-01 06:02:31	32	0	1	0
   201608	2025-09-01 06:03:48	32	0	1	0
   411686	2025-09-01 06:39:19	32	0	1	0
   400060	2025-09-01 06:46:19	32	0	1	0
   410137	2025-09-01 06:46:25	32	0	1	0
   410137	2025-09-01 06:46:29	32	0	1	0
   410137	2025-09-01 06:46:33	32	0	1	0
   411435	2025-09-01 06:46:54	32	0	1	0
   200030	2025-09-01 06:47:58	32	0	1	0
   411972	2025-09-01 06:50:07	32	0	1	0
   411972	2025-09-01 06:50:10	32	0	1	0
   411972	2025-09-01 06:50:14	32	0	1	0
   200808	2025-09-01 07:03:42	32	0	1	0
   400061	2025-09-01 07:38:59	32	0	1	0
   411932	2025-09-01 07:40:05	32	0	1	0
   411932	2025-09-01 07:40:09	32	0	1	0
   200022	2025-09-01 07:43:19	32	0	1	0
   401639	2025-09-01 07:49:36	32	0	1	0
   411680	2025-09-01 07:50:22	32	0	1	0
   411203	2025-09-01 07:54:41	32	0	1	0
   411938	2025-09-01 07:54:53	32	0	1	0
   411941	2025-09-01 07:55:01	32	0	1	0
   411277	2025-09-01 07:55:07	32	0	1	0
   410962	2025-09-01 07:55:59	32	0	1	0
   410962	2025-09-01 07:56:03	32	0	1	0
   411682	2025-09-01 07:56:09	32	0	1	0
   402433	2025-09-01 07:56:17	32	0	1	0
   201494	2025-09-01 07:56:25	32	0	1	0
   411939	2025-09-01 07:57:09	32	0	1	0
   200038	2025-09-01 08:00:32	32	0	1	0
   200038	2025-09-01 08:00:35	32	0	1	0
   411686	2025-09-01 12:00:07	32	0	1	0
   411941	2025-09-01 12:00:19	32	0	1	0
   411938	2025-09-01 12:00:24	32	0	1	0
   200022	2025-09-01 12:00:29	32	0	1	0
   411932	2025-09-01 12:00:34	32	0	1	0
   411203	2025-09-01 12:00:40	32	0	1	0
   411277	2025-09-01 12:00:46	32	0	1	0
   400061	2025-09-01 12:00:53	32	0	1	0
   401639	2025-09-01 12:01:03	32	0	1	0
   411939	2025-09-01 12:01:08	32	0	1	0
   411682	2025-09-01 12:01:15	32	0	1	0
   411680	2025-09-01 12:01:21	32	0	1	0
   201494	2025-09-01 12:01:43	32	0	1	0
   200038	2025-09-01 12:02:12	32	0	1	0
   200038	2025-09-01 12:02:17	32	0	1	0
   411932	2025-09-01 12:44:46	32	0	1	0
   411932	2025-09-01 12:44:50	32	0	1	0
   200038	2025-09-01 12:46:01	32	0	1	0
   200022	2025-09-01 12:50:00	32	0	1	0
   401639	2025-09-01 12:52:30	32	0	1	0
   411680	2025-09-01 12:53:36	32	0	1	0
   400061	2025-09-01 12:53:46	32	0	1	0
   411941	2025-09-01 12:53:52	32	0	1	0
   411938	2025-09-01 12:54:10	32	0	1	0
   411686	2025-09-01 12:54:44	32	0	1	0
   411939	2025-09-01 12:55:09	32	0	1	0
   201494	2025-09-01 12:55:25	32	0	1	0
   411277	2025-09-01 12:55:32	32	0	1	0
   411203	2025-09-01 12:55:36	32	0	1	0
   411682	2025-09-01 12:56:56	32	0	1	0
   411682	2025-09-01 12:57:48	32	0	1	0
   411938	2025-09-01 17:00:09	32	0	1	0
   411941	2025-09-01 17:00:16	32	0	1	0
   411277	2025-09-01 17:00:21	32	0	1	0
   411203	2025-09-01 17:00:37	32	0	1	0
   400061	2025-09-01 17:00:42	32	0	1	0
   411686	2025-09-01 17:00:49	32	0	1	0
   401639	2025-09-01 17:00:53	32	0	1	0
   411680	2025-09-01 17:00:59	32	0	1	0
   411932	2025-09-01 17:01:17	32	0	1	0
   200022	2025-09-01 17:01:23	32	0	1	0
   411939	2025-09-01 17:01:29	32	0	1	0
   411682	2025-09-01 17:01:35	32	0	1	0
   200047	2025-09-01 17:01:43	32	0	1	0
   200038	2025-09-01 17:01:51	32	0	1	0
   201494	2025-09-01 17:12:27	32	0	1	0
   200030	2025-09-01 17:34:19	32	0	1	0
   411435	2025-09-01 17:34:25	32	0	1	0
   400060	2025-09-01 17:35:29	32	0	1	0
   411932	2025-09-01 17:39:45	32	0	1	0
   411932	2025-09-01 17:39:49	32	0	1	0
   200630	2025-09-01 17:43:46	32	0	1	0
   200630	2025-09-01 17:43:55	32	0	1	0
   411941	2025-09-01 17:53:59	32	0	1	0
   411938	2025-09-01 17:54:04	32	0	1	0
   411939	2025-09-01 17:55:07	32	0	1	0
   201494	2025-09-01 17:58:15	32	0	1	0
   201608	2025-09-01 18:01:32	32	0	1	0
   201595	2025-09-01 18:18:05	32	0	1	0
   201595	2025-09-01 18:18:07	32	0	1	0
   200808	2025-09-01 18:28:51	32	0	1	0
   201426	2025-09-01 18:38:27	32	0	1	0
   410137	2025-09-01 19:02:24	32	0	1	0
   410137	2025-09-01 19:02:27	32	0	1	0
   410137	2025-09-01 19:02:30	32	0	1	0
   402433	2025-09-01 21:00:04	32	0	1	0
   201572	2025-09-01 21:00:10	32	0	1	0
   410962	2025-09-01 21:00:16	32	0	1	0
   201615	2025-09-01 21:00:23	32	0	1	0
   411941	2025-09-01 21:13:12	32	0	1	0
   411939	2025-09-01 21:13:23	32	0	1	0
   411932	2025-09-01 21:13:30	32	0	1	0
   411938	2025-09-01 21:13:35	32	0	1	0
   201494	2025-09-01 21:13:41	32	0	1	0
   200247	2025-09-01 21:15:05	32	0	1	0
   200047	2025-09-02 04:09:11	32	0	1	0
   200247	2025-09-02 04:18:52	32	0	1	0
   201426	2025-09-02 05:02:26	32	0	1	0
   200630	2025-09-02 05:30:19	32	0	1	0
   200630	2025-09-02 05:30:24	32	0	1	0
   400061	2025-09-02 05:49:11	32	0	1	0
   400061	2025-09-02 05:50:09	32	0	1	0
   401639	2025-09-02 05:52:21	32	0	1	0
   201572	2025-09-02 05:55:04	32	0	1	0
   411203	2025-09-02 05:56:20	32	0	1	0
   411203	2025-09-02 05:56:24	32	0	1	0
   411680	2025-09-02 05:57:18	32	0	1	0
   410962	2025-09-02 05:58:46	32	0	1	0
   410962	2025-09-02 05:58:50	32	0	1	0
   201615	2025-09-02 06:11:54	32	0	1	0
   201608	2025-09-02 06:32:06	32	0	1	0
   410137	2025-09-02 06:49:16	32	0	1	0
   410137	2025-09-02 06:49:20	32	0	1	0
   410137	2025-09-02 06:49:23	32	0	1	0
   411686	2025-09-02 06:51:09	32	0	1	0
   411972	2025-09-02 06:59:45	32	0	1	0
   411972	2025-09-02 06:59:49	32	0	1	0
   411972	2025-09-02 06:59:54	32	0	1	0
   200808	2025-09-02 07:07:37	32	0	1	0
   411932	2025-09-02 07:33:55	32	0	1	0
   411932	2025-09-02 07:33:59	32	0	1	0
   400060	2025-09-02 07:40:48	32	0	1	0
   200036	2025-09-02 07:43:39	32	0	1	0
   200030	2025-09-02 07:44:21	32	0	1	0
   200022	2025-09-02 07:46:05	32	0	1	0
   411435	2025-09-02 07:48:03	32	0	1	0
   411274	2025-09-02 07:51:06	32	0	1	0
   201595	2025-09-02 07:52:38	32	0	1	0
   201595	2025-09-02 07:52:41	32	0	1	0
   411941	2025-09-02 07:52:52	32	0	1	0
   411938	2025-09-02 07:53:00	32	0	1	0
   200038	2025-09-02 07:54:08	32	0	1	0
   402433	2025-09-02 07:54:56	32	0	1	0
   411682	2025-09-02 07:55:26	32	0	1	0
   411277	2025-09-02 07:56:01	32	0	1	0
   201494	2025-09-02 07:57:20	32	0	1	0
   411939	2025-09-02 07:57:28	32	0	1	0
   411686	2025-09-02 12:00:03	32	0	1	0
   411941	2025-09-02 12:00:10	32	0	1	0
   411939	2025-09-02 12:00:16	32	0	1	0
   411938	2025-09-02 12:00:20	32	0	1	0
   411435	2025-09-02 12:00:27	32	0	1	0
   200030	2025-09-02 12:00:33	32	0	1	0
   411682	2025-09-02 12:00:40	32	0	1	0
   200036	2025-09-02 12:00:51	32	0	1	0
   400060	2025-09-02 12:00:55	32	0	1	0
   200022	2025-09-02 12:01:00	32	0	1	0
   411932	2025-09-02 12:01:13	32	0	1	0
   411932	2025-09-02 12:01:16	32	0	1	0
   201494	2025-09-02 12:05:14	32	0	1	0
   200038	2025-09-02 12:08:50	32	0	1	0
   200038	2025-09-02 12:38:43	32	0	1	0
   200036	2025-09-02 12:39:43	32	0	1	0
   400060	2025-09-02 12:44:05	32	0	1	0
   411932	2025-09-02 12:45:22	32	0	1	0
   411932	2025-09-02 12:45:25	32	0	1	0
   200030	2025-09-02 12:48:10	32	0	1	0
   200022	2025-09-02 12:49:28	32	0	1	0
   411686	2025-09-02 12:54:02	32	0	1	0
   411938	2025-09-02 12:54:15	32	0	1	0
   411941	2025-09-02 12:54:23	32	0	1	0
   411435	2025-09-02 12:55:23	32	0	1	0
   411939	2025-09-02 12:55:56	32	0	1	0
   411682	2025-09-02 12:56:29	32	0	1	0
   411932	2025-09-02 17:00:02	32	0	1	0
   411938	2025-09-02 17:00:08	32	0	1	0
   411686	2025-09-02 17:00:15	32	0	1	0
   411939	2025-09-02 17:00:21	32	0	1	0
   411941	2025-09-02 17:00:27	32	0	1	0
   400060	2025-09-02 17:00:32	32	0	1	0
   411682	2025-09-02 17:00:38	32	0	1	0
   411435	2025-09-02 17:00:44	32	0	1	0
   200030	2025-09-02 17:00:49	32	0	1	0
   200022	2025-09-02 17:00:56	32	0	1	0
   200036	2025-09-02 17:01:04	32	0	1	0
   200047	2025-09-02 17:01:12	32	0	1	0
   200247	2025-09-02 17:01:21	32	0	1	0
   200038	2025-09-02 17:01:29	32	0	1	0
   411972	2025-09-02 17:08:52	32	0	1	0
   411972	2025-09-02 17:08:55	32	0	1	0
   411972	2025-09-02 17:08:59	32	0	1	0
   201494	2025-09-02 17:15:09	32	0	1	0
   200808	2025-09-02 18:37:13	32	0	1	0
   410137	2025-09-02 19:00:59	32	0	1	0
   410137	2025-09-02 19:01:03	32	0	1	0
   201608	2025-09-02 19:01:41	32	0	1	0
   201572	2025-09-02 20:04:12	32	0	1	0
   201595	2025-09-02 20:34:47	32	0	1	0
   201595	2025-09-02 20:34:50	32	0	1	0
   201615	2025-09-02 21:00:28	32	0	1	0
   201615	2025-09-02 21:00:30	32	0	1	0
   201615	2025-09-02 21:00:34	32	0	1	0
   200630	2025-09-02 21:00:51	32	0	1	0
   200630	2025-09-02 21:00:58	32	0	1	0
   402433	2025-09-02 21:03:15	32	0	1	0
   411277	2025-09-02 21:03:23	32	0	1	0
   411277	2025-09-02 21:03:27	32	0	1	0
   411274	2025-09-02 21:03:44	32	0	1	0
   410962	2025-09-02 21:30:05	32	0	1	0
   400061	2025-09-02 21:30:12	32	0	1	0
   401639	2025-09-02 21:30:17	32	0	1	0
   411203	2025-09-02 21:30:22	32	0	1	0
   411203	2025-09-02 21:30:27	32	0	1	0
   411680	2025-09-02 21:30:33	32	0	1	0
   201426	2025-09-02 21:38:21	32	0	1	0
   201595	2025-09-03 02:42:03	32	0	1	0
   201595	2025-09-03 02:42:07	32	0	1	0
   201426	2025-09-03 03:55:46	32	0	1	0
   201426	2025-09-03 03:56:29	32	0	1	0
   200047	2025-09-03 03:59:16	32	0	1	0
   200247	2025-09-03 04:14:41	32	0	1	0
   200630	2025-09-03 05:29:29	32	0	1	0
   200630	2025-09-03 05:29:33	32	0	1	0
   401639	2025-09-03 05:45:16	32	0	1	0
   201572	2025-09-03 05:50:16	32	0	1	0
   201572	2025-09-03 05:50:22	32	0	1	0
   411203	2025-09-03 05:52:41	32	0	1	0
   411203	2025-09-03 05:52:45	32	0	1	0
   201608	2025-09-03 05:58:25	32	0	1	0
   201615	2025-09-03 06:11:30	32	0	1	0
   411972	2025-09-03 06:49:49	32	0	1	0
   411972	2025-09-03 06:49:54	32	0	1	0
   411972	2025-09-03 06:49:58	32	0	1	0
   411686	2025-09-03 06:54:02	32	0	1	0
   410137	2025-09-03 06:57:40	32	0	1	0
   410137	2025-09-03 06:58:10	32	0	1	0
   410137	2025-09-03 06:58:17	32	0	1	0
   200808	2025-09-03 07:01:28	32	0	1	0
   200030	2025-09-03 07:42:38	32	0	1	0
   400060	2025-09-03 07:42:45	32	0	1	0
   400061	2025-09-03 07:42:53	32	0	1	0
   411932	2025-09-03 07:46:08	32	0	1	0
   411932	2025-09-03 07:46:13	32	0	1	0
   411680	2025-09-03 07:47:16	32	0	1	0
   200022	2025-09-03 07:47:22	32	0	1	0
   411680	2025-09-03 07:47:29	32	0	1	0
   411274	2025-09-03 07:49:45	32	0	1	0
   411435	2025-09-03 07:50:24	32	0	1	0
   402433	2025-09-03 07:51:48	32	0	1	0
   200036	2025-09-03 07:52:21	32	0	1	0
   411277	2025-09-03 07:53:09	32	0	1	0
   411277	2025-09-03 07:53:13	32	0	1	0
   411938	2025-09-03 07:53:18	32	0	1	0
   411941	2025-09-03 07:53:24	32	0	1	0
   410962	2025-09-03 07:53:44	32	0	1	0
   410962	2025-09-03 07:53:48	32	0	1	0
   200038	2025-09-03 07:54:28	32	0	1	0
   411939	2025-09-03 07:56:08	32	0	1	0
   201494	2025-09-03 07:56:20	32	0	1	0
   411682	2025-09-03 07:56:46	32	0	1	0
   400061	2025-09-03 12:00:17	32	0	1	0
   411686	2025-09-03 12:00:23	32	0	1	0
   411932	2025-09-03 12:00:31	32	0	1	0
   411938	2025-09-03 12:00:36	32	0	1	0
   411941	2025-09-03 12:00:43	32	0	1	0
   411435	2025-09-03 12:00:49	32	0	1	0
   200030	2025-09-03 12:00:58	32	0	1	0
   411682	2025-09-03 12:01:16	32	0	1	0
   411680	2025-09-03 12:01:24	32	0	1	0
   400060	2025-09-03 12:01:31	32	0	1	0

